11
-0.956860 -0.396080 0.854900 2.623530 1.070590 0.164710 1.415690 0.898040 2.364710 1.200000 2.580390 
-0.956860 2.149020 2.882350 1.243140 0.596080 0.682350 0.509800 1.545100 4.176470 1.243140 1.286270 
-0.913730 0.466670 1.588240 3.615690 1.200000 0.984310 0.811760 1.674510 5.470590 2.925490 1.803920 
-0.956860 1.415690 0.596080 0.337250 1.415690 1.976470 6.247060 6.333330 3.443140 3.572550 0.984310 
-0.827450 0.164710 0.250980 0.337250 0.639220 0.725490 3.356860 3.572550 4.737250 1.760780 7.800000 
-0.611760 1.243140 1.803920 3.184310 0.121570 0.811760 1.070590 1.803920 1.458820 0.984310 5.686270 
-0.956860 1.760780 1.890200 0.121570 1.286270 1.976470 2.450980 0.854900 1.847060 2.494120 3.874510 
-0.741180 1.200000 2.666670 0.035290 3.098040 1.200000 1.501960 2.235290 0.984310 1.415690 6.203920 
-0.870590 0.078430 0.035290 0.294120 4.780390 3.098040 1.674510 7.886270 3.400000 2.494120 0.941180 
-0.784310 1.717650 -0.050980 1.803920 1.631370 2.149020 1.113730 1.545100 1.329410 1.156860 1.717650 
-0.913730 0.164710 0.164710 1.890200 0.984310 0.768630 0.941180 0.423530 2.321570 1.933330 1.200000 
